66.99366018477596 52.019285008243756 61.821542566949724 34.90002944240358 21.409047493352297 
67.49722375962213 53.64485487214592 65.85136495063554 35.19700742875089 19.09539881161621 
0.02159109661182854 -0.22231841941307565 -0.2039160089768369 -0.040208669584093824 -0.02427460916961426 
-0.22231841941307565 4.039569519589076 0.8742563301791191 -6.564058704344193 1.9509769576763984 
-0.2039160089768369 0.8742563301791191 17.689665924144474 2.853543018550106 -0.26141209682138933 
-0.040208669584093824 -6.564058704344193 2.853543018550106 57.449133039347394 -12.221675801552914 
-0.02427460916961426 1.9509769576763984 -0.26141209682138933 -12.221675801552914 3.3771450883600638 
0.6157040244996851 0.1834571931956571 1.1203276460088267 -0.6857968987736314 0.6425694861983948 
0.1834571931956571 0.2925453696030718 0.747148050860107 0.586453537627057 -0.16440457962599742 
1.1203276460088267 0.747148050860107 3.284819633123202 0.5911555145026939 1.7012291188164357 
-0.6857968987736314 0.586453537627057 0.5911555145026939 7.045966633741876 -0.7467346812097104 
0.6425694861983948 -0.16440457962599742 1.7012291188164357 -0.7467346812097104 12.55500268765229 
