85.32921230796632 19.005188396886062 30.611181893019694 82.83752419830243 15.846344102751377 65.90845759317308 
86.75201073634682 18.506965095584786 28.69423964567631 82.05860082623498 13.884171209295586 66.1776452448291 
21.816034735596475 -21.782500255196197 14.912195183074408 16.32795109416849 20.813400547339377 -20.723375789504637 
-21.782500255196197 22.194861931220743 -14.254725436546247 -17.02018498821412 -20.668354030787185 22.96741893664004 
14.912195183074408 -14.254725436546247 11.984688984336094 8.029113960748738 10.47623681170319 -9.771909071291695 
16.32795109416849 -17.02018498821412 8.029113960748738 18.395139209156984 24.531588273885824 -22.11830493457462 
20.813400547339377 -20.668354030787185 10.47623681170319 24.531588273885824 44.888670358703834 -13.364976779911299 
-20.723375789504637 22.96741893664004 -9.771909071291695 -22.11830493457462 -13.364976779911299 70.8134082734231 
1.7124364846357236 0.4292195251581956 2.29874078437724 1.352216632492338 -3.5293975039696366 -0.4358749320934497 
0.4292195251581956 0.26118433335906965 0.0730067676027758 0.4954276666042674 -1.379297139700563 -0.6972606614608097 
2.29874078437724 0.0730067676027758 7.679867914799267 -1.0813786716748535 -1.6544324138586706 3.8320453587402072 
1.352216632492338 0.4954276666042674 -1.0813786716748535 4.330878998895041 -4.6282154940444045 -3.07092509728159 
-3.5293975039696366 -1.379297139700563 -1.6544324138586706 -4.6282154940444045 13.74931872372392 3.402213355161736 
-0.4358749320934497 -0.6972606614608097 3.8320453587402072 -3.07092509728159 3.402213355161736 7.958929803682485 
