56.98319731530264 61.06726892464031 56.15060801350422 8.558897511024245 70.4549877487543 48.7545994068137 34.04207392032846 
52.66512850842248 69.5506916773419 48.25221666454152 11.966553292127788 73.4685396680513 47.18873051992947 46.59945010819437 
0.14549510193190626 -0.11242888477626856 0.5521444915469029 0.18907362458009375 0.15934345438297493 0.5429983709554101 -0.3045751115139411 
-0.11242888477626856 5.30906280923916 -11.694846928847845 5.966412484227013 7.497394949201602 1.9859379466152345 3.1239351712950496 
0.5521444915469029 -11.694846928847845 28.28891450589067 -12.91630351862484 -20.964376448807872 -3.7730595266071125 -14.588943025839145 
0.18907362458009375 5.966412484227013 -12.91630351862484 8.233671778051503 11.152559710599165 2.34873017723763 3.2387450569975798 
0.15934345438297493 7.497394949201602 -20.964376448807872 11.152559710599165 26.518011350920215 4.01655546116171 23.70731173000393 
0.5429983709554101 1.9859379466152345 -3.7730595266071125 2.34873017723763 4.01655546116171 18.30097075141551 4.7736720096118095 
-0.3045751115139411 3.1239351712950496 -14.588943025839145 3.2387450569975798 23.70731173000393 4.7736720096118095 55.20138032051547 
3.5733605544298164 -4.6893499338712346 0.09311211066651463 -0.23923462701642284 -2.801931739947305 5.0072013377257765 -2.8217652066263574 
-4.6893499338712346 7.020903367287237 -1.6524338933271385 0.5301078654034769 1.686430148774559 -5.670986204848263 5.908914352711905 
0.09311211066651463 -1.6524338933271385 8.938381335907616 0.5840302832074811 18.63760264236915 -1.6365654456342986 -1.1588282187002523 
-0.23923462701642284 0.5301078654034769 0.5840302832074811 1.3837397106215732 3.503923150644093 -0.12124087112295108 -0.8625938787097137 
-2.801931739947305 1.686430148774559 18.63760264236915 3.503923150644093 48.78955625352169 -4.487096277007735 4.584602822442494 
5.0072013377257765 -5.670986204848263 -1.6365654456342986 -0.12124087112295108 -4.487096277007735 9.168109236541628 0.45081154412242597 
-2.8217652066263574 5.908914352711905 -1.1588282187002523 -0.8625938787097137 4.584602822442494 0.45081154412242597 20.174332327929868 
