40.35227992660454 43.42900282788264 78.0766163572655 72.55882032033044 29.445838517030417 87.96895496100723 34.78332341968917 25.10562260108011 
38.188467981661745 44.06925686251112 79.19052697220954 70.38734685354618 27.05762481708764 86.94975078579981 28.387479467252046 19.967572223315585 
2.2025412614729603 -1.3808371941791284 2.9838744831376833 -2.823491657693654 2.1819961381563866 -3.010053986029793 0.24978473456415934 -2.0391864509893014 
-1.3808371941791284 1.8846301021345826 -0.5446433249613335 6.711502756289831 -1.9816944206189395 4.22469038246261 1.4382018687864213 5.97428816179003 
2.9838744831376833 -0.5446433249613335 11.706382260462885 1.6250394938928416 1.1657406854967802 4.389380546878266 4.792130043916653 -1.6951464757529011 
-2.823491657693654 6.711502756289831 1.6250394938928416 28.333706750171675 -6.735747183057964 14.167711337523837 10.402971840989963 22.953814156646168 
2.1819961381563866 -1.9816944206189395 1.1657406854967802 -6.735747183057964 4.915032257088002 -5.075114650436807 -7.783259791907126 2.5349625251787447 
-3.010053986029793 4.22469038246261 4.389380546878266 14.167711337523837 -5.075114650436807 27.50376482230439 -1.80774351834174 1.069504568779285 
0.24978473456415934 1.4382018687864213 4.792130043916653 10.402971840989963 -7.783259791907126 -1.80774351834174 27.359420217656147 -10.864792637653034 
-2.0391864509893014 5.97428816179003 -1.6951464757529011 22.953814156646168 2.5349625251787447 1.069504568779285 -10.864792637653034 61.33664103861566 
0.3913456254301182 1.080882196711723 -0.29565802615368236 -1.7625949815852542 -0.1809485588223447 -0.034431411374990714 -0.6182390818107586 0.7571558789353942 
1.080882196711723 5.866179975605444 0.3314582651456535 -6.702787910963304 -2.15871848971242 -1.4553859115819132 -0.8497287299074566 2.9703419460470717 
-0.29565802615368236 0.3314582651456535 4.8458076077609995 -0.552697892021642 -0.8347834556860798 -1.1354009562012088 -0.8901009642989774 -2.395025687663992 
-1.7625949815852542 -6.702787910963304 -0.552697892021642 17.95500752376374 0.49663284501857824 -3.6302489181835416 1.4132340646098769 -4.51155998426695 
-0.1809485588223447 -2.15871848971242 -0.8347834556860798 0.49663284501857824 1.9707646387433215 2.307035821207716 0.8820289575413989 -0.9835947056542224 
-0.034431411374990714 -1.4553859115819132 -1.1354009562012088 -3.6302489181835416 2.307035821207716 7.523273211827222 -0.6225271722619157 3.1610798655936367 
-0.6182390818107586 -0.8497287299074566 -0.8901009642989774 1.4132340646098769 0.8820289575413989 -0.6225271722619157 7.837434901295075 -2.38409381006707 
0.7571558789353942 2.9703419460470717 -2.395025687663992 -4.51155998426695 -0.9835947056542224 3.1610798655936367 -2.38409381006707 6.355055457605205 
